date,commits
2026-03-28,11
2026-03-29,2
2026-03-30,2
2026-04-01,6
